0.08
0.08008858
0.080354284
0.080797011
0.08141659
0.082212782
0.083185281
0.084333713
0.085657634
0.087156536
0.08882984
0.090676903
0.092697013
0.094889392
0.097253195
0.099787513
0.102491369
0.105363722
0.108403466
0.111609429
0.114980378
0.118515014
0.122211976
0.12606984
0.13008712
0.134262269
0.138593679
0.143079683
0.147718551
0.152508498
0.157447679
0.162534191
0.167766077
0.17314132
0.178657851
0.184313545
0.190106224
0.196033656
0.20209356
0.208283602
0.214601396
0.221044511
0.227610465
0.234296728
0.241100727
0.24801984
0.255051403
0.262192708
0.269441004
0.2767935
0.284247365
0.291799727
0.299447677
0.307188272
0.315018529
0.322935432
0.330935933
0.339016951
0.347175373
0.355408057
0.363711833
0.372083502
0.380519841
0.389017599
0.397573506
0.406184265
0.41484656
0.423557056
0.432312397
0.441109211
0.449944111
0.458813694
0.467714544
0.476643234
0.485596324
0.494570366
0.503561904
0.512567476
0.521583613
0.530606843
0.53963369
0.548660678
0.557684331
0.566701173
0.575707731
0.584700538
0.593676129
0.602631048
0.611561846
0.620465083
0.629337331
0.638175173
0.646975205
0.655734037
0.664448298
0.673114629
0.681729694
0.690290176
0.698792776
0.707234221
0.715611259
0.723920664
0.732159236
0.740323802
0.748411218
0.756418368
0.76434217
0.772179572
0.779927554
0.787583134
0.795143362
0.802605328
0.809966156
0.817223013
0.824373104
0.831413675
0.838342014
0.845155453
0.851851368
0.85842718
0.864880357
0.871208413
0.877408912
0.883479464
0.889417734
0.895221432
0.900888325
0.906416229
0.911803017
0.917046612
0.922144996
0.927096205
0.931898333
0.936549529
0.941048003
0.945392022
0.949579913
0.953610064
0.957480921
0.961190995
0.964738856
0.968123138
0.971342538
0.974395816
0.977281795
0.979999365
0.982547479
0.984925155
0.987131478
0.989165598
0.991026732
0.992714162
0.99422724
0.995565382
0.996728072
0.997714864
0.998525377
0.999159299
0.999616385
0.999896461
0.999999417
0.999925214
0.999673881
0.999245515
0.99864028
0.99785841
0.996900206
0.995766037
0.994456339
0.992971617
0.991312443
0.989479456
0.987473362
0.985294933
0.982945008
0.980424493
0.977734358
0.974875638
0.971849436
0.968656917
0.96529931
0.961777908
0.958094067
0.954249206
0.950244807
0.94608241
0.94176362
0.937290099
0.932663571
0.927885816
0.922958676
0.917884048
0.912663886
0.9073002
0.901795057
0.896150576
0.890368932
0.884452351
0.878403111
0.872223543
0.865916026
0.859482989
0.852926911
0.846250315
0.839455774
0.832545905
0.825523367
0.818390866
0.811151149
0.803807004
0.79636126
0.788816784
0.781176481
0.773443294
0.765620202
0.757710217
0.749716386
0.741641787
0.73348953
0.725262754
0.716964629
0.70859835
0.700167139
0.691674243
0.683122932
0.674516502
0.665858265
0.657151556
0.648399729
0.639606154
0.630774218
0.621907323
0.613008882
0.604082324
0.595131086
0.586158615
0.577168368
0.568163806
0.559148397
0.550125613
0.54109893
0.532071824
0.523047771
0.514030246
0.505022724
0.496028672
0.487051555
0.478094829
0.469161946
0.460256344
0.451381453
0.442540692
0.433737465
0.424975163
0.41625716
0.407586815
0.398967465
0.390402431
0.381895011
0.373448481
0.365066096
0.356751082
0.348506643
0.340335954
0.33224216
0.32422838
0.3162977
0.308453174
0.300697823
0.293034634
0.285466558
0.277996511
0.270627368
0.263361969
0.25620311
0.24915355
0.242216003
0.235393141
0.228687591
0.222101937
0.215638715
0.209300413
0.203089473
0.197008286
0.191059196
0.185244492
0.179566415
0.174027151
0.168628833
0.163373541
0.158263299
0.153300074
0.148485778
0.143822265
0.139311332
0.134954715
0.130754092
0.126711082
0.122827241
0.119104065
0.115542988
0.112145381
0.108912553
0.105845749
0.10294615
0.100214873
0.09765297
0.095261427
0.093041165
0.09099304
0.08911784
0.087416288
0.085889038
0.084536679
0.083359732
0.082358651
0.081533819
0.080885557
0.080414112
0.080119666
0.080002334